108.183807
84.003334
63.568438
40.609779
40.609779
40.164444
34.627306
34.627306
34.598987
34.239469
32.175372
31.092156
29.413339
27.239335
26.605290
25.886283
25.886283
22.289395
21.729548
20.929821
20.840692
19.530538
18.616069
18.157566
16.524573
15.077869
14.977424
14.208167
14.157699
13.568916
13.381864
13.194048
13.167355
12.587124
12.523792
12.282595
11.913500
11.655638
11.643550
11.416495
11.282964
10.279173
10.143211
9.869364
9.429988
9.347739
9.339293
9.260020
9.260020
9.061743
8.965262
8.811463
8.811463
8.801611
8.722859
8.664745
8.664745
8.597931
8.522193
8.435224
8.294073
8.157128
8.136739
8.044770
7.960754
7.886246
7.835236
7.792120
7.265755
7.163270
7.065667
7.055659
7.015223
7.013277
6.840191
6.793467
6.749800
6.748279
6.626000
6.581716
6.516146
6.486414
6.453457
6.426024
6.374648
6.145419
6.143321
6.138856
6.136908
6.136908
6.126722
6.035561
6.024043
6.012337
6.012219
5.953587
5.873677
5.848004
5.795581
5.773675
5.772095
5.724281
5.679288
5.644695
5.644695
5.642601
5.642050
5.620113
5.564618
5.564618
5.531072
5.529703
5.499639
5.492492
5.450088
5.426425
5.426190
5.244633
5.227348
5.201077
5.157040
5.107593
5.090087
5.033325
4.993083
4.868872
4.813633
4.802307
4.793068
4.793068
4.778751
4.704488
4.704488
4.654139
4.647494
4.631910
4.587382
4.551142
4.551142
4.505200
4.332499
4.323809
4.290777
4.235797
4.223946
4.223946
4.220621
4.179661
4.171820
4.140340
4.130786
4.130786
4.107553
4.073172
3.999778
3.988193
3.911474
3.910697
3.852594
3.852594
3.765076
3.765076
3.749425
3.695903
3.640309
3.626653
3.512056
3.469453
3.450924
3.449930
3.449930
3.445386
3.433961
3.433961
3.433264
3.414274
3.395188
3.385107
3.385107
3.355426
3.355426
3.332973
3.256982
3.242034
3.220365
3.220365
3.176617
3.176617
3.165546
3.165546
3.137578
3.114624
3.114624
3.112625
3.091413
3.091413
3.061924
3.058600
3.058600
3.014314
2.994143
2.985043
2.985043
2.977273
2.977273
2.943580
2.906776
2.887239
2.881097
2.870993
2.870637
2.868657
2.868657
2.806139
2.776685
2.763780
2.763780
2.737895
2.737578
2.737578
2.728373
2.727731
2.709703
2.705360
2.702382
2.678549
2.678409
2.678409
2.671827
2.607802
2.554190
2.545036
2.539337
2.508850
2.504885
2.490182
2.480878
2.474416
2.437418
2.435165
2.434900
2.431319
2.431319
2.414897
2.408362
2.400705
2.396063
2.368746
2.364987
2.352351
2.330248
2.310405
2.274288
2.273391
2.273391
2.263212
2.263212
2.256618
2.244681
2.235850
2.235850
2.216844
2.214141
2.153501
2.153501
2.146626
2.121874
2.117995
2.113244
2.095587
2.076813
2.060762
2.060762
2.042331
2.028894
1.995890
1.995342
1.983988
1.980267
1.965104
1.964238
1.963658
1.962547
1.939943
1.936814
1.918896
1.918597
1.917625
1.876744
1.866831
1.859953
1.845756
1.829681
1.821583
1.806202
1.801447
1.797928
1.797928
1.797558
1.786222
1.783528
1.766889
1.766108
1.764016
1.753983
1.753207
1.748930
1.740365
1.739092
1.734433
1.720939
1.720939
1.720348
1.708234
1.686145
1.686145
1.684563
1.675671
1.667477
1.661758
1.607978
1.599632
1.599632
1.572193
1.554729
1.509429
1.492723
1.492428
1.484013
1.478371
1.469809
1.365120
1.319223
1.302982
1.287507
1.263160
1.263160
1.254116
1.247552
1.233132
1.229425
1.217913
1.216943
1.214917
1.213762
1.202356
1.179737
1.177128
1.160284
1.149854
1.141666
1.140496
1.133992
1.132564
1.117983
1.112021
1.101776
1.099045
1.086684
1.074985
1.045751
1.030230
1.009559
0.955938
0.950161
0.940844
0.935013
0.887448
0.873496
0.870443
0.853979
0.851915
0.848223
0.847247
0.838932
0.825011
0.824711
0.815834
0.812961
0.811629
0.784862
0.766743
0.762066
0.758719
0.756712
0.751946
0.730535
0.697932
0.641189
0.636763
0.628989
0.620319
0.620319
0.610736
0.607720
0.596745
0.575042
0.567823
0.545521
0.545048
0.518492
0.485304
0.469282
0.457054
0.431612
0.411232
