0
9
18
29
32
347
11
14
36
405
341
27
147
37
338
20
23
356
221
33
92
216
350
24
207
219
210
198
201
220
277
192
183
15
174
189
165
6
156
272
180
245
263
171
236
46
351
2
5
254
332
343
346
230
239
334
337
227
248
162
328
249
257
88
266
79
275
143
331
43
267
52
55
153
134
70
193
61
276
211
340
319
310
217
101
125
64
301
215
212
110
292
73
137
349
128
365
258
218
295
313
304
231
197
194
208
82
146
206
203
202
322
240
339
348
119
286
283
91
28
199
209
116
10
374
25
359
184
352
355
190
185
188
200
107
181
342
48
51
368
172
17
191
383
179
176
34
26
182
287
161
158
392
16
222
163
173
98
42
39
112
115
154
377
314
164
396
175
237
60
57
155
226
223
35
246
386
271
268
232
235
228
238
247
361
364
130
133
170
167
19
124
121
229
152
149
273
250
253
47
264
139
142
241
244
44
144
111
138
265
274
106
103
255
360
66
69
296
262
259
145
65
83
157
256
80
78
75
395
135
305
357
323
62
53
136
89
81
369
126
401
318
315
71
7
166
251
45
378
8
333
127
252
288
291
373
370
129
90
94
97
358
63
87
84
72
108
269
54
99
117
282
279
74
329
56
404
233
234
120
109
330
100
270
387
366
242
118
148
13
243
195
293
196
102
311
297
300
302
213
353
30
294
367
354
12
312
284
303
214
324
327
320
285
309
306
260
278
321
375
38
382
379
31
261
204
376
205
224
225
384
385
1
393
50
391
388
49
394
68
141
93
289
345
67
140
114
290
186
21
398
316
22
187
317
399
113
372
86
132
85
131
371
344
123
363
59
122
77
105
362
76
298
58
380
299
381
104
178
177
160
307
325
326
308
159
40
41
390
389
402
400
397
4
403
335
3
336
280
281
96
95
169
168
151
150
