21.815722
20.489872
14.214507
14.087884
12.930075
12.343096
11.880506
11.408532
10.826054
10.021108
9.934104
9.658975
9.356839
8.941677
8.871461
8.843023
8.822874
8.758543
8.655000
8.503654
7.890099
7.794464
7.654462
7.106315
6.953539
6.455966
6.403665
6.311876
6.125919
6.007325
5.861489
5.857909
5.788665
5.706194
5.690186
5.333890
4.997206
4.978824
4.978824
4.500918
4.411670
4.187375
4.160069
4.069943
4.023817
4.017894
3.953020
3.934270
3.904640
3.846339
3.814804
3.795740
3.760675
3.756183
3.739231
3.680801
3.636354
3.636354
3.631810
3.582261
3.582261
3.562494
3.562494
3.541606
3.536000
3.524233
3.520759
3.476012
3.457658
3.383089
3.376574
3.361334
3.351591
3.351591
3.351129
3.334669
3.311690
3.311690
3.310436
3.295902
3.268119
3.268119
3.260496
3.260496
3.227762
3.208223
3.180635
3.102109
3.099256
3.078823
3.057412
3.039097
3.037556
3.037556
3.022680
3.003872
2.997525
2.918705
2.907969
2.907814
2.902464
2.896470
2.890477
2.860232
2.858375
2.836984
2.819070
2.816698
2.802208
2.798925
2.789372
2.784384
2.784384
2.756241
2.746525
2.743092
2.731575
2.727216
2.708728
2.670856
2.662185
2.625629
2.608606
2.573288
2.573288
2.569130
2.544031
2.503175
2.503175
2.468897
2.425708
2.408276
2.406214
2.389491
2.388675
2.343638
2.276253
2.238122
2.231962
2.211080
2.211080
2.198102
2.198102
2.124012
2.076358
2.065497
2.065497
2.033794
2.032949
2.008002
2.008002
1.975084
1.946010
1.944557
1.938282
1.899734
1.899734
1.893993
1.873492
1.851277
1.849037
1.800981
1.764119
1.750362
1.710662
1.710662
1.649429
1.649429
1.569021
1.565673
1.547879
1.546583
1.544072
1.515753
1.493372
1.493372
1.485978
1.483312
1.483312
1.473072
1.467351
1.464638
1.458903
1.447675
1.447675
1.436211
1.435530
1.420850
1.417257
1.413343
1.407899
1.368601
1.351101
1.339225
1.338833
1.335440
1.325161
1.317206
1.311424
1.309719
1.305606
1.302454
1.293013
1.292939
1.289852
1.267834
1.262266
1.250967
1.234810
1.229645
1.227138
1.227099
1.219651
1.216262
1.205853
1.190968
1.187075
1.180038
1.179893
1.168426
1.164886
1.156196
1.156196
1.155170
1.154000
1.152566
1.152566
1.139350
1.138297
1.138297
1.133917
1.133101
1.124303
1.124303
1.123011
1.113675
1.113675
1.108557
1.103946
1.098091
1.092330
1.091876
1.077074
1.067252
1.067252
1.066653
1.055657
1.044029
1.042083
1.035303
1.035303
1.035007
1.033500
1.033500
1.031662
1.031662
1.029028
1.023008
1.020735
1.010908
0.998819
0.997931
0.992515
0.990651
0.982506
0.982506
0.979378
0.979378
0.976653
0.975707
0.975707
0.969210
0.966432
0.960096
0.953566
0.953566
0.951100
0.950549
0.949850
0.946862
0.918029
0.904700
0.901884
0.900845
0.899399
0.896707
0.895772
0.884687
0.884687
0.870834
0.866527
0.862513
0.843903
0.823753
0.817289
0.791411
0.756732
0.746756
0.742698
0.739262
0.733309
0.729898
0.717840
0.697235
0.692156
0.691437
0.690774
0.647661
0.646954
0.642168
0.618711
0.600305
0.598172
0.596069
0.595602
0.593014
0.590546
0.586016
0.580663
0.571328
0.553248
0.538548
0.526229
0.525538
0.525361
0.523419
0.493366
0.484466
0.478393
0.475263
0.467099
0.466388
0.464417
0.458693
0.455188
0.451218
0.449418
0.443097
0.440781
0.440759
0.439693
0.437710
0.435668
0.434283
0.424604
0.423952
0.418729
0.406484
0.399566
0.397837
0.381394
0.373632
0.373632
0.359114
0.356376
0.356153
0.355182
0.355182
0.347185
0.340076
0.339700
0.339009
0.338139
0.338139
0.336622
0.334791
0.334791
0.327950
0.318957
0.318957
0.312407
0.309357
0.309224
0.300541
0.296728
0.296728
0.295493
0.291494
0.291494
0.288743
0.286316
0.285969
0.284920
0.277393
0.261107
0.255986
0.254517
0.249036
0.238495
0.238495
0.237896
0.230548
0.197692
0.186260
0.184103
0.179686
0.179494
0.173158
0.170896
0.155633
0.150784
0.144430
0.140149
0.135191
0.126696
0.107097
