405
147
216
221
37
92
219
207
210
201
198
220
192
0
189
156
183
174
272
165
180
277
263
171
254
9
245
266
257
162
236
275
230
248
239
227
153
29
32
276
217
292
283
143
211
101
258
55
218
301
46
88
110
208
134
24
188
185
286
212
215
152
149
193
310
33
267
125
199
202
79
119
194
197
209
18
176
179
184
128
170
167
203
206
295
116
190
319
328
200
137
15
262
259
82
313
181
172
331
70
52
146
107
231
304
175
73
191
61
240
332
161
158
249
154
163
323
91
43
322
64
182
27
48
51
173
273
271
268
98
287
264
166
164
155
274
265
255
36
241
244
23
20
256
246
250
253
6
296
226
223
28
237
314
247
232
235
157
228
238
222
229
305
148
11
14
324
327
338
365
213
356
278
214
42
39
374
84
87
341
195
187
196
142
139
260
186
144
347
83
261
135
204
284
126
350
205
285
117
293
47
383
108
145
326
178
325
294
177
138
99
136
269
302
127
89
151
311
169
387
118
291
288
270
303
309
306
109
121
124
312
168
112
115
80
106
103
150
34
368
90
100
44
130
133
392
129
19
25
97
94
320
57
60
300
297
53
81
71
321
160
377
62
329
279
282
315
318
234
66
69
359
242
159
75
78
233
330
243
386
401
72
54
35
251
26
252
2
5
45
63
120
16
290
289
74
17
111
56
316
10
30
317
65
38
378
404
298
102
395
299
396
225
307
308
93
224
31
369
141
360
140
366
351
86
85
367
348
342
375
389
339
357
349
132
1
340
7
49
50
384
131
376
390
358
21
385
333
280
8
281
334
337
40
41
114
352
355
123
22
12
113
388
391
122
379
382
393
364
361
59
394
58
105
373
370
104
343
346
13
76
77
381
380
96
68
95
67
397
400
402
403
4
353
398
3
399
354
362
363
371
335
372
344
336
345
